60 35
52 32
4 4
92
17 34
17 33
17 32
17 31
17 30
18 30
19 30
20 30
21 30
11 25
16 25
17 25
18 25
19 25
20 25
21 25
22 25
23 25
24 25
25 25
11 24
16 24
11 23
16 23
11 22
16 22
11 21
16 21
17 21
18 21
11 20
18 20
11 19
18 19
11 18
18 18
11 17
18 17
46 17
47 17
48 17
49 17
50 17
51 17
52 17
53 17
54 17
55 17
56 17
57 17
58 17
59 17
11 16
11 15
11 14
25 14
26 14
27 14
28 14
29 14
30 14
11 13
22 13
23 13
24 13
25 13
30 13
11 12
22 12
30 12
11 11
12 11
13 11
14 11
15 11
16 11
17 11
18 11
19 11
20 11
21 11
22 11
30 11
31 11
32 11
33 11
33 10
34 10
35 10
36 10
36 9
37 9
